 0.000000e+00  5.771178e-01  0.000000e+00  2.709111e-01  0.000000e+00  5.000000e+00  0.000000e+00 -9.423082e-12 
 1.000000e-05  5.771178e-01  1.000000e-05  2.709111e-01  1.000000e-05  5.000000e+00  1.000000e-05 -9.423082e-12 
 2.000000e-05  5.771178e-01  2.000000e-05  2.709111e-01  2.000000e-05  5.000000e+00  2.000000e-05 -9.423082e-12 
 4.000000e-05  5.771178e-01  4.000000e-05  2.709111e-01  4.000000e-05  5.000000e+00  4.000000e-05 -9.423082e-12 
 8.000000e-05  5.771178e-01  8.000000e-05  2.709111e-01  8.000000e-05  5.000000e+00  8.000000e-05 -9.423082e-12 
 1.600000e-04  5.771178e-01  1.600000e-04  2.709111e-01  1.600000e-04  5.000000e+00  1.600000e-04 -9.423082e-12 
 3.200000e-04  5.771178e-01  3.200000e-04  2.709111e-01  3.200000e-04  5.000000e+00  3.200000e-04 -9.423082e-12 
 6.400000e-04  5.771178e-01  6.400000e-04  2.709111e-01  6.400000e-04  5.000000e+00  6.400000e-04 -9.423082e-12 
 1.280000e-03  5.771178e-01  1.280000e-03  2.709111e-01  1.280000e-03  5.000000e+00  1.280000e-03 -9.423082e-12 
 2.280000e-03  5.771178e-01  2.280000e-03  2.709111e-01  2.280000e-03  5.000000e+00  2.280000e-03 -9.423082e-12 
 3.280000e-03  5.771178e-01  3.280000e-03  2.709111e-01  3.280000e-03  5.000000e+00  3.280000e-03 -9.423082e-12 
 4.280000e-03  5.771178e-01  4.280000e-03  2.709111e-01  4.280000e-03  5.000000e+00  4.280000e-03 -9.423082e-12 
 5.280000e-03  5.771178e-01  5.280000e-03  2.709111e-01  5.280000e-03  5.000000e+00  5.280000e-03 -9.423082e-12 
 6.280000e-03  5.771178e-01  6.280000e-03  2.709111e-01  6.280000e-03  5.000000e+00  6.280000e-03 -9.423082e-12 
 7.280000e-03  5.771178e-01  7.280000e-03  2.709111e-01  7.280000e-03  5.000000e+00  7.280000e-03 -9.423082e-12 
 8.280000e-03  5.771178e-01  8.280000e-03  2.709111e-01  8.280000e-03  5.000000e+00  8.280000e-03 -9.423082e-12 
 9.280000e-03  5.771178e-01  9.280000e-03  2.709111e-01  9.280000e-03  5.000000e+00  9.280000e-03 -9.423082e-12 
 1.028000e-02  5.771178e-01  1.028000e-02  2.709111e-01  1.028000e-02  5.000000e+00  1.028000e-02 -9.423082e-12 
 1.128000e-02  5.771178e-01  1.128000e-02  2.709111e-01  1.128000e-02  5.000000e+00  1.128000e-02 -9.423082e-12 
 1.228000e-02  5.771178e-01  1.228000e-02  2.709111e-01  1.228000e-02  5.000000e+00  1.228000e-02 -9.423082e-12 
 1.328000e-02  5.771178e-01  1.328000e-02  2.709111e-01  1.328000e-02  5.000000e+00  1.328000e-02 -9.423082e-12 
 1.428000e-02  5.771178e-01  1.428000e-02  2.709111e-01  1.428000e-02  5.000000e+00  1.428000e-02 -9.423082e-12 
 1.528000e-02  5.771178e-01  1.528000e-02  2.709111e-01  1.528000e-02  5.000000e+00  1.528000e-02 -9.423082e-12 
 1.628000e-02  5.771178e-01  1.628000e-02  2.709111e-01  1.628000e-02  5.000000e+00  1.628000e-02 -9.423082e-12 
 1.728000e-02  5.771178e-01  1.728000e-02  2.709111e-01  1.728000e-02  5.000000e+00  1.728000e-02 -9.423082e-12 
 1.828000e-02  5.771178e-01  1.828000e-02  2.709111e-01  1.828000e-02  5.000000e+00  1.828000e-02 -9.423082e-12 
 1.928000e-02  5.771178e-01  1.928000e-02  2.709111e-01  1.928000e-02  5.000000e+00  1.928000e-02 -9.423082e-12 
 2.028000e-02  5.771178e-01  2.028000e-02  2.709111e-01  2.028000e-02  5.000000e+00  2.028000e-02 -9.423082e-12 
 2.128000e-02  5.771178e-01  2.128000e-02  2.709111e-01  2.128000e-02  5.000000e+00  2.128000e-02 -9.423082e-12 
 2.228000e-02  5.771178e-01  2.228000e-02  2.709111e-01  2.228000e-02  5.000000e+00  2.228000e-02 -9.423082e-12 
 2.328000e-02  5.771178e-01  2.328000e-02  2.709111e-01  2.328000e-02  5.000000e+00  2.328000e-02 -9.423082e-12 
 2.428000e-02  5.771178e-01  2.428000e-02  2.709111e-01  2.428000e-02  5.000000e+00  2.428000e-02 -9.423082e-12 
 2.528000e-02  5.771178e-01  2.528000e-02  2.709111e-01  2.528000e-02  5.000000e+00  2.528000e-02 -9.423082e-12 
 2.628000e-02  5.771178e-01  2.628000e-02  2.709111e-01  2.628000e-02  5.000000e+00  2.628000e-02 -9.423082e-12 
 2.728000e-02  5.771178e-01  2.728000e-02  2.709111e-01  2.728000e-02  5.000000e+00  2.728000e-02 -9.423082e-12 
 2.828000e-02  5.771178e-01  2.828000e-02  2.709111e-01  2.828000e-02  5.000000e+00  2.828000e-02 -9.423082e-12 
 2.928000e-02  5.771178e-01  2.928000e-02  2.709111e-01  2.928000e-02  5.000000e+00  2.928000e-02 -9.423082e-12 
 3.028000e-02  5.771178e-01  3.028000e-02  2.709111e-01  3.028000e-02  5.000000e+00  3.028000e-02 -9.423082e-12 
 3.128000e-02  5.771178e-01  3.128000e-02  2.709111e-01  3.128000e-02  5.000000e+00  3.128000e-02 -9.423082e-12 
 3.228000e-02  5.771178e-01  3.228000e-02  2.709111e-01  3.228000e-02  5.000000e+00  3.228000e-02 -9.423082e-12 
 3.328000e-02  5.771178e-01  3.328000e-02  2.709111e-01  3.328000e-02  5.000000e+00  3.328000e-02 -9.423082e-12 
 3.428000e-02  5.771178e-01  3.428000e-02  2.709111e-01  3.428000e-02  5.000000e+00  3.428000e-02 -9.423082e-12 
 3.528000e-02  5.771178e-01  3.528000e-02  2.709111e-01  3.528000e-02  5.000000e+00  3.528000e-02 -9.423082e-12 
 3.628000e-02  5.771178e-01  3.628000e-02  2.709111e-01  3.628000e-02  5.000000e+00  3.628000e-02 -9.423082e-12 
 3.728000e-02  5.771178e-01  3.728000e-02  2.709111e-01  3.728000e-02  5.000000e+00  3.728000e-02 -9.423082e-12 
 3.828000e-02  5.771178e-01  3.828000e-02  2.709111e-01  3.828000e-02  5.000000e+00  3.828000e-02 -9.423082e-12 
 3.928000e-02  5.771178e-01  3.928000e-02  2.709111e-01  3.928000e-02  5.000000e+00  3.928000e-02 -9.423082e-12 
 4.028000e-02  5.771178e-01  4.028000e-02  2.709111e-01  4.028000e-02  5.000000e+00  4.028000e-02 -9.423082e-12 
 4.128000e-02  5.771178e-01  4.128000e-02  2.709111e-01  4.128000e-02  5.000000e+00  4.128000e-02 -9.423082e-12 
 4.228000e-02  5.771178e-01  4.228000e-02  2.709111e-01  4.228000e-02  5.000000e+00  4.228000e-02 -9.423082e-12 
 4.328000e-02  5.771178e-01  4.328000e-02  2.709111e-01  4.328000e-02  5.000000e+00  4.328000e-02 -9.423082e-12 
 4.428000e-02  5.771178e-01  4.428000e-02  2.709111e-01  4.428000e-02  5.000000e+00  4.428000e-02 -9.423082e-12 
 4.528000e-02  5.771178e-01  4.528000e-02  2.709111e-01  4.528000e-02  5.000000e+00  4.528000e-02 -9.423082e-12 
 4.628000e-02  5.771178e-01  4.628000e-02  2.709111e-01  4.628000e-02  5.000000e+00  4.628000e-02 -9.423082e-12 
 4.728000e-02  5.771178e-01  4.728000e-02  2.709111e-01  4.728000e-02  5.000000e+00  4.728000e-02 -9.423082e-12 
 4.828000e-02  5.771178e-01  4.828000e-02  2.709111e-01  4.828000e-02  5.000000e+00  4.828000e-02 -9.423082e-12 
 4.928000e-02  5.771178e-01  4.928000e-02  2.709111e-01  4.928000e-02  5.000000e+00  4.928000e-02 -9.423082e-12 
 5.028000e-02  5.771178e-01  5.028000e-02  2.709111e-01  5.028000e-02  5.000000e+00  5.028000e-02 -9.423082e-12 
 5.128000e-02  5.771178e-01  5.128000e-02  2.709111e-01  5.128000e-02  5.000000e+00  5.128000e-02 -9.423082e-12 
 5.228000e-02  5.771178e-01  5.228000e-02  2.709111e-01  5.228000e-02  5.000000e+00  5.228000e-02 -9.423082e-12 
 5.328000e-02  5.771178e-01  5.328000e-02  2.709111e-01  5.328000e-02  5.000000e+00  5.328000e-02 -9.423082e-12 
 5.428000e-02  5.771178e-01  5.428000e-02  2.709111e-01  5.428000e-02  5.000000e+00  5.428000e-02 -9.423082e-12 
 5.528000e-02  5.771178e-01  5.528000e-02  2.709111e-01  5.528000e-02  5.000000e+00  5.528000e-02 -9.423082e-12 
 5.628000e-02  5.771178e-01  5.628000e-02  2.709111e-01  5.628000e-02  5.000000e+00  5.628000e-02 -9.423082e-12 
 5.728000e-02  5.771178e-01  5.728000e-02  2.709111e-01  5.728000e-02  5.000000e+00  5.728000e-02 -9.423082e-12 
 5.828000e-02  5.771178e-01  5.828000e-02  2.709111e-01  5.828000e-02  5.000000e+00  5.828000e-02 -9.423082e-12 
 5.928000e-02  5.771178e-01  5.928000e-02  2.709111e-01  5.928000e-02  5.000000e+00  5.928000e-02 -9.423082e-12 
 6.028000e-02  5.771178e-01  6.028000e-02  2.709111e-01  6.028000e-02  5.000000e+00  6.028000e-02 -9.423082e-12 
 6.128000e-02  5.771178e-01  6.128000e-02  2.709111e-01  6.128000e-02  5.000000e+00  6.128000e-02 -9.423082e-12 
 6.228000e-02  5.771178e-01  6.228000e-02  2.709111e-01  6.228000e-02  5.000000e+00  6.228000e-02 -9.423082e-12 
 6.328000e-02  5.771178e-01  6.328000e-02  2.709111e-01  6.328000e-02  5.000000e+00  6.328000e-02 -9.423082e-12 
 6.428000e-02  5.771178e-01  6.428000e-02  2.709111e-01  6.428000e-02  5.000000e+00  6.428000e-02 -9.423082e-12 
 6.528000e-02  5.771178e-01  6.528000e-02  2.709111e-01  6.528000e-02  5.000000e+00  6.528000e-02 -9.423082e-12 
 6.628000e-02  5.771178e-01  6.628000e-02  2.709111e-01  6.628000e-02  5.000000e+00  6.628000e-02 -9.423082e-12 
 6.728000e-02  5.771178e-01  6.728000e-02  2.709111e-01  6.728000e-02  5.000000e+00  6.728000e-02 -9.423082e-12 
 6.828000e-02  5.771178e-01  6.828000e-02  2.709111e-01  6.828000e-02  5.000000e+00  6.828000e-02 -9.423082e-12 
 6.928000e-02  5.771178e-01  6.928000e-02  2.709111e-01  6.928000e-02  5.000000e+00  6.928000e-02 -9.423082e-12 
 7.028000e-02  5.771178e-01  7.028000e-02  2.709111e-01  7.028000e-02  5.000000e+00  7.028000e-02 -9.423082e-12 
 7.128000e-02  5.771178e-01  7.128000e-02  2.709111e-01  7.128000e-02  5.000000e+00  7.128000e-02 -9.423082e-12 
 7.228000e-02  5.771178e-01  7.228000e-02  2.709111e-01  7.228000e-02  5.000000e+00  7.228000e-02 -9.423082e-12 
 7.328000e-02  5.771178e-01  7.328000e-02  2.709111e-01  7.328000e-02  5.000000e+00  7.328000e-02 -9.423082e-12 
 7.428000e-02  5.771178e-01  7.428000e-02  2.709111e-01  7.428000e-02  5.000000e+00  7.428000e-02 -9.423082e-12 
 7.528000e-02  5.771178e-01  7.528000e-02  2.709111e-01  7.528000e-02  5.000000e+00  7.528000e-02 -9.423082e-12 
 7.628000e-02  5.771178e-01  7.628000e-02  2.709111e-01  7.628000e-02  5.000000e+00  7.628000e-02 -9.423082e-12 
 7.728000e-02  5.771178e-01  7.728000e-02  2.709111e-01  7.728000e-02  5.000000e+00  7.728000e-02 -9.423082e-12 
 7.828000e-02  5.771178e-01  7.828000e-02  2.709111e-01  7.828000e-02  5.000000e+00  7.828000e-02 -9.423082e-12 
 7.928000e-02  5.771178e-01  7.928000e-02  2.709111e-01  7.928000e-02  5.000000e+00  7.928000e-02 -9.423082e-12 
 8.028000e-02  5.771178e-01  8.028000e-02  2.709111e-01  8.028000e-02  5.000000e+00  8.028000e-02 -9.423082e-12 
 8.128000e-02  5.771178e-01  8.128000e-02  2.709111e-01  8.128000e-02  5.000000e+00  8.128000e-02 -9.423082e-12 
 8.228000e-02  5.771178e-01  8.228000e-02  2.709111e-01  8.228000e-02  5.000000e+00  8.228000e-02 -9.423082e-12 
 8.328000e-02  5.771178e-01  8.328000e-02  2.709111e-01  8.328000e-02  5.000000e+00  8.328000e-02 -9.423082e-12 
 8.428000e-02  5.771178e-01  8.428000e-02  2.709111e-01  8.428000e-02  5.000000e+00  8.428000e-02 -9.423082e-12 
 8.528000e-02  5.771178e-01  8.528000e-02  2.709111e-01  8.528000e-02  5.000000e+00  8.528000e-02 -9.423082e-12 
 8.628000e-02  5.771178e-01  8.628000e-02  2.709111e-01  8.628000e-02  5.000000e+00  8.628000e-02 -9.423082e-12 
 8.728000e-02  5.771178e-01  8.728000e-02  2.709111e-01  8.728000e-02  5.000000e+00  8.728000e-02 -9.423082e-12 
 8.828000e-02  5.771178e-01  8.828000e-02  2.709111e-01  8.828000e-02  5.000000e+00  8.828000e-02 -9.423082e-12 
 8.928000e-02  5.771178e-01  8.928000e-02  2.709111e-01  8.928000e-02  5.000000e+00  8.928000e-02 -9.423082e-12 
 9.028000e-02  5.771178e-01  9.028000e-02  2.709111e-01  9.028000e-02  5.000000e+00  9.028000e-02 -9.423082e-12 
 9.128000e-02  5.771178e-01  9.128000e-02  2.709111e-01  9.128000e-02  5.000000e+00  9.128000e-02 -9.423082e-12 
 9.228000e-02  5.771178e-01  9.228000e-02  2.709111e-01  9.228000e-02  5.000000e+00  9.228000e-02 -9.423082e-12 
 9.328000e-02  5.771178e-01  9.328000e-02  2.709111e-01  9.328000e-02  5.000000e+00  9.328000e-02 -9.423082e-12 
 9.428000e-02  5.771178e-01  9.428000e-02  2.709111e-01  9.428000e-02  5.000000e+00  9.428000e-02 -9.423082e-12 
 9.528000e-02  5.771178e-01  9.528000e-02  2.709111e-01  9.528000e-02  5.000000e+00  9.528000e-02 -9.423082e-12 
 9.628000e-02  5.771178e-01  9.628000e-02  2.709111e-01  9.628000e-02  5.000000e+00  9.628000e-02 -9.423082e-12 
 9.728000e-02  5.771178e-01  9.728000e-02  2.709111e-01  9.728000e-02  5.000000e+00  9.728000e-02 -9.423082e-12 
 9.828000e-02  5.771178e-01  9.828000e-02  2.709111e-01  9.828000e-02  5.000000e+00  9.828000e-02 -9.423082e-12 
 9.928000e-02  5.771178e-01  9.928000e-02  2.709111e-01  9.928000e-02  5.000000e+00  9.928000e-02 -9.423082e-12 
 1.000000e-01  5.771178e-01  1.000000e-01  2.709111e-01  1.000000e-01  5.000000e+00  1.000000e-01 -9.423082e-12 
